1.40504
1.39887
1.39395
1.3897
1.38594
1.38259
1.37959
1.37688
1.37442
1.37219
1.37015
1.36829
1.36657
1.36498
1.36352
1.36216
1.36089
1.35971
1.35861
1.35757
1.3566
1.35569
1.35483
1.35401
1.35324
1.35251
1.35182
1.35116
1.35053
1.34994
1.34937
1.34882
1.3483
1.3478
1.34732
1.34686
1.34642
1.34599
1.34558
1.34519
1.34481
1.34445
1.34409
1.34375
1.34342
1.34311
1.3428
1.3425
1.34221
1.34193
1.34166
1.3414
1.34114
1.3409
1.34066
1.34042
1.3402
1.33998
1.33977
1.33956
1.33936
1.33916
1.33897
1.33878
1.3386
1.33842
1.33825
1.33808
1.33792
1.33776
1.33761
1.33746
1.33731
1.33717
1.33702
1.33689
1.33675
1.33662
1.3365
1.33637
1.33625
1.33613
1.33602
1.3359
1.33579
1.33568
1.33558
1.33547
1.33537
1.33527
1.33518
1.33508
1.33499
1.3349
1.33481
1.33472
1.33464
1.33456
1.33447
1.3344
1.33432
1.33424
1.33417
1.33409
1.33402
1.33395
1.33388
1.33381
1.33375
1.33368
1.33362
1.33356
1.3335
1.33344
1.33338
1.33332
1.33326
1.33321
1.33315
1.3331
1.33305
1.33299
1.33294
1.33289
1.33285
1.3328
1.33275
1.3327
1.33266
1.33261
1.33257
1.33253
1.33249
1.33244
1.3324
1.33236
1.33232
1.33228
1.33225
1.33221
1.33217
1.33214
1.3321
1.33207
1.33203
1.332
1.33196
1.33193
1.3319
1.33187
1.33183
1.3318
1.33177
1.33174
1.33171
1.33168
1.33166
1.33163
1.3316
1.33157
1.33155
1.33152
1.33149
1.33147
1.33144
1.33142
1.33139
1.33137
1.33134
1.33132
1.3313
1.33127
1.33125
1.33123
1.3312
1.33118
1.33116
1.33114
1.33112
1.3311
1.33108
1.33106
1.33104
1.33102
1.331
1.33098
1.33096
1.33094
1.33092
1.3309
1.33088
1.33087
1.33085
1.33083
1.33081
1.3308
1.33078
1.33076
1.33074
1.33073
1.33071
1.33069
1.33068
1.33066
1.33065
1.33063
1.33062
1.3306
1.33059
1.33057
1.33056
1.33054
1.33053
1.33051
1.3305
1.33048
1.33047
1.33045
1.33044
1.33043
1.33041
1.3304
1.33039
1.33037
1.33036
1.33035
1.33033
1.33032
1.33031
1.33029
1.33028
1.33027
1.33026
1.33024
1.33023
1.33022
1.33021
1.3302
1.33018
1.33017
1.33016
1.33015
1.33014
1.33013
1.33011
1.3301
1.33009
1.33008
1.33007
1.33006
1.33005
1.33004
1.33002
1.33001
1.33
1.32999
1.32998
1.32997
1.32996
1.32995
1.32994
1.32993
1.32992
1.32991
1.3299
1.32989
1.32988
1.32987
1.32986
1.32985
1.32984
1.32983
1.32982
1.32981
1.3298
1.32979
1.32978
1.32977
1.32976
1.32975
1.32974
1.32973
1.32972
1.32971
1.3297
1.32969
1.32968
1.32967
1.32967
1.32966
1.32965
1.32964
1.32963
1.32962
1.32961
1.3296
1.32959
1.32958
1.32957
1.32957
1.32956
1.32955
1.32954
1.32953
1.32952
1.32951
1.3295
1.3295
1.32949
1.32948
1.32947
1.32946
1.32945
1.32944
1.32944
1.32943
1.32942
1.32941
1.3294
1.32939
1.32938
1.32938
1.32937
1.32936
1.32935
1.32934
1.32933
1.32933
1.32932
1.32931
1.3293
1.32929
1.32929
1.32928
1.32927
1.32926
1.32925
1.32925
1.32924
1.32923
1.32922
1.32921
1.32921
1.3292
1.32919
1.32918
1.32917
1.32917
1.32916
1.32915
1.32914
1.32913
1.32913
1.32912
1.32911
1.3291
1.3291
1.32909
1.32908
1.32907
1.32906
1.32906
1.32905
1.32904
1.32903
1.32903
1.32902
1.32901
1.329
1.329
1.32899
1.32898
1.32897
1.32897
1.32896
1.32895
1.32894
1.32894
1.32893
1.32892
1.32891
1.32891
1.3289
1.32889
1.32888
1.32888
1.32887
1.32886
1.32885
1.32885
1.32884
1.32883
1.32883
1.32882
1.32881
1.3288
1.3288
1.32879
1.32878
1.32877
1.32877
1.32876
1.32875
1.32875
1.32874
1.32873
1.32872
1.32872
1.32871
1.3287
1.3287
1.32869
1.32868
1.32867
1.32867
1.32866
1.32865
1.32865
1.32864
1.32863
1.32862
1.32862
1.32861
1.3286
1.3286
1.32859
1.32858
1.32858
1.32857
1.32856
1.32855
1.32855
1.32854
1.32853
1.32853
1.32852
1.32851
1.32851
1.3285
1.32849
1.32849
1.32848
1.32847
1.32847
1.32846
1.32845
1.32844
1.32844
1.32843
1.32842
1.32842
1.32841
1.3284
1.3284
1.32839
1.32838
1.32838
1.32837
1.32836
1.32836
1.32835
1.32834
1.32834
1.32833
1.32832
1.32832
1.32831
1.3283
1.3283
1.32829
1.32828
1.32828
1.32827
1.32826
1.32826
1.32825
1.32824
1.32824
1.32823
1.32822
1.32822
1.32821
1.3282
1.3282
1.32819
1.32818
1.32818
1.32817
1.32816
1.32816
1.32815
1.32814
1.32814
1.32813
1.32813
1.32812
1.32811
1.32811
1.3281
1.32809
1.32809
1.32808
1.32807
1.32807
1.32806
1.32805
1.32805
1.32804
1.32804
1.32803
1.32802
1.32802
1.32801
1.328
1.328
1.32799
1.32798
1.32798
1.32797
1.32797
1.32796
1.32795
1.32795
1.32794
1.32793
1.32793
1.32792
1.32792
1.32791
1.3279
1.3279
1.32789
1.32788
1.32788
1.32787
1.32787
1.32786
1.32785
1.32785
1.32784
1.32783
1.32783
1.32782
1.32782
1.32781
1.3278
1.3278
1.32779
1.32778
1.32778
1.32777
1.32777
1.32776
1.32775
1.32775
1.32774
1.32774
1.32773
1.32772
1.32772
1.32771
1.32771
1.3277
1.32769
1.32769
1.32768
1.32768
1.32767
1.32766
1.32766
1.32765
1.32765
1.32764
1.32763
1.32763
1.32762
1.32762
1.32761
1.3276
1.3276
1.32759
1.32759
1.32758
1.32757
1.32757
1.32756
1.32756
1.32755
1.32754
1.32754
1.32753
1.32753
1.32752
1.32751
1.32751
1.3275
1.3275
1.32749
1.32748
1.32748
1.32747
1.32747
1.32746
1.32746
1.32745
1.32744
1.32744
1.32743
1.32743
1.32742
1.32742
1.32741
1.3274
1.3274
1.32739
1.32739
1.32738
1.32737
1.32737
1.32736
1.32736
1.32735
1.32735
1.32734
1.32733
1.32733
1.32732
1.32732
1.32731
1.32731
1.3273
1.32729
1.32729
1.32728
1.32728
1.32727
1.32727
1.32726
1.32725
1.32725
1.32724
1.32724
1.32723
1.32723
1.32722
1.32722
1.32721
1.3272
1.3272
1.32719
1.32719
1.32718
1.32718
1.32717
1.32717
1.32716
1.32715
1.32715
1.32714
1.32714
1.32713
1.32713
1.32712
1.32712
1.32711
1.3271
1.3271
1.32709
1.32709
1.32708
1.32708
1.32707
1.32707
1.32706
1.32706
1.32705
1.32704
1.32704
1.32703
1.32703
1.32702
1.32702
1.32701
1.32701
1.327
1.327
1.32699
1.32698
1.32698
1.32697
1.32697
1.32696
1.32696
1.32695
1.32695
1.32694
1.32694
1.32693
1.32693
1.32692
1.32691
1.32691
1.3269
1.3269
1.32689
1.32689
1.32688
1.32688
1.32687
1.32687
1.32686
1.32686
1.32685
1.32685
1.32684
1.32684
1.32683
1.32682
1.32682
1.32681
1.32681
1.3268
1.3268
1.32679
1.32679
1.32678
1.32678
1.32677
1.32677
1.32676
1.32676
1.32675
1.32675
1.32674
1.32674
1.32673
1.32673
1.32672
1.32672
1.32671
1.32671
1.3267
1.32669
1.32669
1.32668
1.32668
1.32667
1.32667
1.32666
1.32666
1.32665
1.32665
1.32664
1.32664
1.32663
1.32663
1.32662
1.32662
1.32661
1.32661
1.3266
1.3266
1.32659
1.32659
1.32658
1.32658
1.32657
1.32657
1.32656
1.32656
1.32655
1.32655
1.32654
1.32654
1.32653
1.32653
1.32652
1.32652
1.32651
1.32651
1.3265
1.3265
1.32649
1.32649
1.32648
1.32648
1.32647
1.32647
1.32646
1.32646
1.32645
1.32645
1.32644
1.32644
1.32643
1.32643
1.32642
1.32642
1.32641
1.32641
1.3264
1.3264
1.32639
1.32639
1.32638
1.32638
1.32637
1.32637
1.32636
1.32636
1.32636
1.32635
1.32635
1.32634
1.32634
1.32633
1.32633
1.32632
1.32632
1.32631
1.32631
1.3263
1.3263
1.32629
1.32629
1.32628
1.32628
1.32627
1.32627
1.32626
1.32626
1.32625
1.32625
1.32624
1.32624
1.32624
1.32623
1.32623
1.32622
1.32622
1.32621
1.32621
1.3262
1.3262
1.32619
1.32619
1.32618
1.32618
1.32617
1.32617
1.32616
1.32616
1.32616
1.32615
1.32615
1.32614
1.32614
1.32613
1.32613
1.32612
1.32612
1.32611
1.32611
1.3261
1.3261
1.32609
1.32609
1.32609
1.32608
1.32608
1.32607
1.32607
1.32606
1.32606
1.32605
1.32605
1.32604
1.32604
1.32603
1.32603
1.32603
1.32602
1.32602
1.32601
1.32601
1.326
1.326
1.32599
1.32599
1.32598
1.32598
1.32598
1.32597
1.32597
1.32596
1.32596
1.32595
1.32595
1.32594
1.32594
1.32593
1.32593
1.32593
1.32592
1.32592
1.32591
1.32591
1.3259
1.3259
1.32589
1.32589
1.32589
1.32588
1.32588
1.32587
1.32587
1.32586
1.32586
1.32585
1.32585
1.32584
1.32584
1.32584
1.32583
1.32583
1.32582
1.32582
1.32581
1.32581
1.32581
1.3258
1.3258
1.32579
1.32579
1.32578
1.32578
1.32577
1.32577
1.32577
1.32576
1.32576
1.32575
1.32575
1.32574
1.32574
1.32574
1.32573
1.32573
1.32572
1.32572
1.32571
1.32571
1.3257
1.3257
1.3257
1.32569
1.32569
1.32568
1.32568
1.32567
1.32567
1.32567
1.32566
1.32566
1.32565
1.32565
1.32564
1.32564
1.32564
1.32563
1.32563
1.32562
1.32562
1.32561
1.32561
1.32561
1.3256
1.3256
1.32559
1.32559
1.32558
1.32558
1.32558
1.32557
1.32557
1.32556
1.32556
1.32556
1.32555
1.32555
1.32554
1.32554
1.32553
1.32553
1.32553
1.32552
1.32552
1.32551
1.32551
1.3255
